6.999740362167358
2.2340893745422363
2.300450086593628
2.213703155517578
2.2653398513793945
2.2363245487213135
2.2655184268951416
2.2669591903686523
2.3818650245666504
2.369647264480591
2.464984893798828
2.4820218086242676
2.533834457397461
2.528791904449463
2.530226469039917
2.560389280319214
2.6052751541137695
2.60016131401062
2.65630841255188
2.6252214908599854
2.664670467376709
2.644895553588867
2.669693946838379
2.6952064037323
2.7196853160858154
2.6544930934906006
2.676381826400757
2.713625431060791
2.7234597206115723
2.6980650424957275
2.7418744564056396
2.7039356231689453
2.7589995861053467
2.771071434020996
2.7999978065490723
2.776940107345581
2.750873565673828
2.769986629486084
2.7875146865844727
2.7628960609436035
2.7878401279449463
2.815941095352173
2.7969067096710205
2.8776235580444336
2.8067946434020996
2.781508207321167
2.8886287212371826
2.7929747104644775
2.886570453643799
2.810312509536743
