1.1549339294433594
0.40887022018432617
0.37853193283081055
0.43252110481262207
0.37467217445373535
0.3514981269836426
0.36609506607055664
0.3473541736602783
0.35663533210754395
0.34572482109069824
0.3762810230255127
0.35744524002075195
0.4192230701446533
0.3844571113586426
0.3573927879333496
0.34358716011047363
0.4323391914367676
0.34027624130249023
0.36006903648376465
0.34465575218200684
0.36013126373291016
0.342883825302124
0.3863332271575928
0.35732579231262207
0.4048731327056885
0.4815049171447754
0.38053464889526367
0.36629199981689453
0.3755300045013428
0.44273900985717773
0.40200018882751465
0.35527515411376953
0.3827550411224365
0.38840699195861816
0.3735790252685547
0.3809850215911865
0.3808319568634033
0.35132789611816406
0.36499905586242676
0.3615131378173828
0.4049043655395508
0.3743927478790283
0.3734300136566162
0.36719584465026855
0.3787250518798828
0.395003080368042
0.37294602394104004
0.3572711944580078
0.3708369731903076
0.3874378204345703
